results = [
0 2 80 5.7082e-07
1 2 80 5.6898e-07
2 1 32 5.3274e-07
] ; resid = 0 ;
lnz = 5 ;
t = 1.6813e-07 ;   % dense solve time
